# Player Currency
3002
# Enemy Currency
11923
# Player Unit Stats
1
# Player Building Stats
2
# Enemy Unit Stats
4
# Enemy Building Stats
7
# Game Duration in Seconds
107.774
# Player Buildings
3
2 500 350 100
5 568 562 100
1 489 179 100
# Enemy Buildings
9
2 1900 2100 100
1 2100 2300 100
1 2079.19 2216.55 100
3 1906.25 2278.89 100
3 2218.38 2270.48 100
4 1855.77 2194.89 100
4 2037.78 2118.98 100
5 2177.07 2382.64 100
5 2029.64 1939.91 100
# Player Units
2
1 367.74 176.042 325 175 100 4
5 675.086 2157.09 1174.21 2199.02 160 4
# Enemy Units
5
1 2104.83 2300.54 2100 2300 100 4
0 1664.75 1856.46 1661.63 1852.58 100 1
0 1743.94 1864.54 1747.73 1861.33 100 1
0 1656.15 1935.61 1652.26 1938.66 100 1
0 1735.27 1943.54 1738.37 1947.42 100 1
